Experiment start. 
1.14956
1.14956
1.14956
1.14956
1.14956
1.15425
1.15894
1.15894
1.15894
1.15894
1.16364
1.15894
1.15894
1.15894
1.15425
1.15425
1.15894
1.14956
1.14956
1.14487
1.14018
1.14487
1.14956
1.13548
1.13548
1.13079
1.13079
1.13548
1.14018
1.14487
1.14487
1.14018
1.14487
1.14487
1.14487
1.14487
1.14487
1.14487
1.14487
1.14487
1.14487
1.14487
1.14487
1.14487
1.14487
1.14487
1.14487
1.14956
1.14956
1.14956
1.14956
1.14956
1.14956
1.14956
1.14956
1.14956
1.14956
1.15425
1.15425
1.15425
1.15425
1.14956
1.14956
1.14487
1.14487
1.14487
1.14487
1.14956
1.14956
1.14956
1.14018
1.14487
1.14487
1.14487
1.14018
1.14487
1.14487
1.14487
1.14487
1.14487
1.14487
1.14487
1.14487
1.14487
1.14487
1.14487
1.14487
1.14487
1.14018
1.14487
1.14487
1.14487
1.14487
1.14487
1.14018
1.14487
1.14487
1.14487
1.14487
1.14487
1.14487
1.14487
1.14487
1.14487
1.14487
1.14018
1.14487
1.14487
1.14487
1.14487
1.14487
1.14487
1.14487
1.14487
1.14018
1.14487
1.14487
1.14487
1.14487
1.14018
1.14018
1.14018
1.14018
1.14487
1.14487
1.14487
1.14487
1.14018
1.14018
1.14487
1.14487
1.14487
1.14487
1.14018
1.13548
1.13548
1.14487
1.14018
1.12610
1.12141
1.13548
1.14956
1.15894
1.12610
1.11672
1.11672
1.12141
1.10264
1.11672
1.13079
1.11672
1.12610
1.11672
1.08387
1.10733
1.11672
1.10733
1.11202
1.08387
1.11672
1.13079
1.12610
1.11202
1.11202
1.08387
1.09795
1.12610
1.09795
1.10733
1.09326
1.14487
1.14018
1.14018
1.14487
1.13079
1.14956
1.16833
1.16833
1.17302
1.17302
1.17302
1.16833
1.16833
1.16833
1.16833
1.16364
1.15894
1.15894
1.15894
1.15894
1.15894
1.15894
1.16364
1.15894
1.16364
1.17302
1.17302
1.17302
1.16364
1.15894
1.16364
1.15894
1.15894
1.15425
1.15425
1.15425
1.15425
1.14956
1.14956
1.15425
1.14956
1.15425
1.15425
1.14956
1.15425
1.14956
1.15425
1.15425
1.15425
1.15425
1.15425
1.15425
1.14956
1.14956
1.14956
1.14956
1.14956
1.14956
1.14956
1.14956
1.14956
1.14956
1.14956
1.14956
1.14956
1.14956
1.14956
1.14956
1.14956
1.14956
1.14956
1.14956
1.14956
1.14956
1.15425
1.14956
1.14956
1.14956
1.14956
1.14956
1.14956
1.14956
1.14956
1.14956
1.14956
1.14487
1.14956
1.14956
1.14956
1.14956
1.14956
1.14956
1.14956
1.14487
1.14487
1.14956
1.14956
1.14956
1.14956
1.14956
1.14956
1.14956
1.14956
1.14956
1.14956
1.14956
1.14956
1.14956
1.14956
1.14956
1.14956
1.14956
1.14956
1.14956
1.14956
1.14956
1.14956
1.14956
1.14956
1.14956
1.14956
1.14956
1.14956
1.14956
1.14956
1.14956
1.14956
1.14956
1.14956
1.14956
1.14956
1.14956
1.14956
1.14956
1.14956
1.14956
1.14956
1.14956
1.14956
1.14956
1.14956
1.14956
1.14956
1.14956
1.14956
1.14956
1.14487
1.14956
1.14956
1.14956
1.14956
1.14956
1.14956
1.14487
1.14487
1.14956
1.14487
1.14487
1.14956
1.14956
1.14487
1.14956
1.14956
1.14487
1.14956
1.14487
1.14956
1.14956
1.14487
1.14487
1.14956
1.14956
1.14956
1.14956
1.14487
1.14956
1.14956
1.14956
1.14956
1.14956
1.14956
1.14956
1.14956
1.14956
1.14956
1.14956
1.14956
1.14956
1.14956
1.14956
1.14956
1.14956
1.14956
1.15425
1.14956
1.14956
1.15425
1.14956
1.14956
1.14956
1.15425
1.15425
1.15425
1.14956
1.15425
1.15425
1.15425
1.15425
1.15425
1.15425
1.15425
1.15425
1.15425
1.15894
1.15894
1.15894
1.15425
1.15425
1.15425
1.15425
1.15894
1.15894
1.15894
1.15894
1.15894
1.16364
1.16364
1.16364
1.16364
1.16364
1.16364
1.16364
1.16364
1.16364
1.16364
1.16364
1.16364
1.16364
1.16364
1.16364
1.16364
1.16833
1.16833
1.16364
1.16364
1.16364
1.16833
1.16364
1.16364
1.16364
1.16833
1.16833
1.16833
1.16833
1.16833
1.16833
1.16833
1.16833
1.16833
1.16833
1.16833
1.16833
1.16833
1.16833
1.16833
1.16833
1.17302
1.17302
1.17302
1.17302
1.17302
1.16833
1.16833
1.16833
1.16833
1.17302
1.16833
1.17302
1.17302
1.17302
1.17302
1.17302
1.17302
1.17302
1.16833
1.17302
1.17302
1.17302
1.17302
1.17302
1.17302
1.17302
1.17302
1.17302
1.16833
1.17302
1.17302
1.17302
1.17302
1.17302
1.17302
1.17302
1.16833
1.16833
1.16833
1.16833
1.16833
1.16833
1.16833
1.16833
1.16833
1.16833
1.16833
1.17302
1.16833
1.16833
1.17302
1.16833
1.17302
1.16833
1.17302
1.17302
1.17302
1.16833
1.17302
1.17771
1.17771
1.17771
1.17771
1.17302
1.17771
1.17771
1.17771
1.18240
1.18240
1.18240
1.18710
1.18710
1.18710
1.18240
1.18240
1.18240
1.18240
1.18240
1.18240
1.18240
1.18240
1.18240
1.18240
1.18240
1.18240
1.18240
1.18240
1.18240
1.18240
1.18240
1.17771
1.17302
1.16833
1.16833
1.16833
1.17302
1.17771
1.18240
1.18240
1.18240
1.17771
1.16833
1.16364
1.16833
1.16833
1.16833
1.18240
1.18710
1.18710
1.17771
1.16833
1.16833
1.18240
1.19179
1.18710
1.16833
1.14956
1.16364
1.19648
1.18710
1.15894
1.14487
1.17302
1.19179
1.19179
1.17302
1.14956
1.14956
1.17771
1.19648
1.17771
1.15425
1.14018
1.14487
1.16833
1.18240
1.18710
1.18710
1.18240
1.17771
1.16833
1.18240
1.18710
1.18710
1.17771
1.17302
1.17302
1.18710
1.18710
1.18240
1.17771
1.16364
1.16833
1.17771
1.18710
1.19648
1.20117
1.20587
1.20117
1.19179
1.19179
1.18710
1.18710
1.19179
1.19648
1.19648
1.19179
1.19179
1.19648
1.20117
1.19648
1.19179
1.17771
1.17302
1.19179
1.20117
1.19179
1.16833
1.16833
1.20587
1.21525
1.19179
1.15425
1.14487
1.14956
1.18240
1.17771
1.14018
1.12610
1.06041
1.06510
1.12610
1.11672
1.04164
1.05103
1.08387
1.08387
1.05572
1.04633
1.05103
1.09795
1.11202
1.06510
1.06510
1.09795
1.11672
1.11672
1.09326
1.09795
1.12610
1.12610
1.12610
1.13079
1.12610
1.13079
1.12610
1.13079
1.13079
1.12610
1.13079
1.13079
1.13079
1.13079
1.12610
1.13079
1.13079
1.13079
1.13079
1.13079
1.13079
1.13079
1.13079
1.12610
1.13079
1.13079
1.13079
1.13079
1.13079
1.13079
1.13079
1.13079
1.13079
1.13079
1.13079
1.13079
1.13079
1.13079
1.13079
1.13548
1.13548
1.13548
1.14018
1.14487
1.14018
1.14018
1.14018
1.14018
1.14487
1.14487
1.14018
1.14018
1.14018
1.14018
1.14018
1.14018
1.14018
1.14018
1.14018
1.14018
1.14018
1.13548
1.13548
1.13548
1.13548
1.13548
1.13548
1.14018
1.13548
1.13548
1.13548
1.13548
1.13548
1.13548
1.13548
1.13079
1.13548
1.13548
1.13079
1.13079
1.13548
1.13548
1.13548
1.13079
1.13548
1.13548
1.13548
1.13548
1.13548
1.13548
1.13548
1.13548
1.13548
1.13548
1.13548
1.13548
1.13548
1.13548
1.13548
1.13548
1.14018
1.14018
1.14018
1.13548
1.14018
1.14018
1.14018
1.13548
1.13548
1.14018
1.14018
1.14018
1.14018
1.14018
1.14018
1.14018
1.14018
1.13548
1.14018
1.14018
1.14018
1.13548
1.14018
1.14018
1.14018
1.14018
1.13548
1.13548
1.14018
1.13548
1.14018
1.14018
1.14018
1.13548
1.14018
1.14018
1.13548
1.13548
1.14018
1.14018
1.14018
1.14018
1.14018
1.14018
1.14018
1.13548
1.14018
1.14018
1.14018
1.14018
1.14018
1.14018
1.14018
1.13548
1.14018
1.14018
1.13548
1.14018
1.14018
1.14018
1.14018
1.14018
1.14018
1.14018
1.14018
1.13548
1.14018
1.14018
1.14018
1.13548
1.14018
1.13548
1.14018
1.13548
1.14018
1.13548
1.13548
1.13548
1.13548
1.13548
1.13548
1.13548
1.13548
1.13548
1.13079
1.13548
1.13548
1.13548
1.13548
1.13548
1.13548
1.13548
1.13548
1.13548
1.13548
1.13548
1.13548
1.13548
1.13548
1.13548
1.13548
1.13548
1.13548
1.13079
1.13548
1.13548
1.13548
1.13548
1.13548
1.13548
1.13548
1.13548
1.13548
1.13548
1.13548
1.13548
1.13548
1.13548
1.13548
1.13548
1.13548
1.14018
1.14018
1.13548
1.13548
1.14018
1.14018
1.14018
1.13548
1.14018
1.14018
1.14018
1.13548
1.14018
1.13548
1.13548
1.13548
1.13548
1.14018
1.13548
1.14018
1.14018
1.13548
1.14018
1.14018
1.13548
1.14018
1.13548
1.13548
1.13548
1.13079
1.13548
1.13079
1.13079
1.13548
1.13079
1.13079
1.13079
1.13548
1.13548
1.13079
1.13548
1.13079
1.13548
1.13548
1.13548
1.13548
1.13548
1.14018
1.14018
1.14487
1.14487
1.14487
1.14956
1.14487
1.14487
1.14487
1.14487
1.14487
1.14018
1.13079
1.13079
1.13079
1.13548
1.14018
1.14018
1.14018
1.13079
1.13548
1.13079
1.13079
1.13079
1.12610
1.13079
1.13548
1.13548
1.14018
1.12141
1.14018
1.13548
1.13548
1.11202
1.14018
1.11202
1.10264
1.11672
1.09795
1.07449
1.10733
1.08856
1.11202
1.09795
1.07918
1.10733
1.08856
1.12610
1.12141
1.06041
1.08387
1.07918
1.09326
1.09795
1.10264
1.10733
1.11202
1.11202
1.10733
1.11202
1.11672
1.11672
1.11672
1.11672
1.12141
1.12141
1.12141
1.12141
1.12141
1.11672
1.11672
1.11672
1.11672
1.11672
1.11672
1.11672
1.11672
1.12141
1.12141
1.12141
1.12141
1.11672
1.12141
1.11672
1.12141
1.11672
1.11672
1.11672
1.11672
1.11672
1.11672
1.11672
1.11672
1.11672
1.11672
1.11672
1.11672
1.11672
1.11672
1.12141
1.12141
1.12141
1.12141
1.12141
1.12141
1.12141
1.11672
1.12610
1.12610
1.12610
1.12610
1.12610
1.12610
1.12610
1.12610
1.12610
1.12610
1.12610
1.12610
1.12610
1.12610
1.12610
1.13079
1.13079
1.13079
1.13079
1.12610
1.13079
1.12610
1.12610
1.12610
1.12610
1.14018
1.13548
1.12610
1.12610
1.12610
1.13548
1.14018
1.13079
1.12141
1.12141
1.13079
1.14487
1.14018
1.12141
1.11202
1.12141
1.14487
1.14956
1.12610
1.10264
1.09795
1.12141
1.14018
1.14487
1.12610
1.13548
1.12610
1.11672
1.12610
1.13548
1.14018
1.13079
1.12141
1.11202
1.13548
1.15425
1.14956
1.13548
1.11672
1.10264
1.10733
1.14956
1.16364
1.16364
1.14487
1.12610
1.13548
1.16364
1.15425
1.14018
1.16833
1.16364
1.16833
1.16364
1.16364
1.15894
1.15894
1.16364
1.16364
1.15425
1.15425
1.15425
1.15425
1.15425
1.15425
1.15425
1.15425
1.14956
1.14956
1.14956
1.14956
1.14956
1.14956
1.14956
1.14956
1.14956
1.14956
1.14956
1.14956
1.14956
1.14956
1.14956
1.15425
1.14956
1.14956
1.14956
1.15425
1.14956
1.14956
1.14956
1.14956
1.14956
1.14956
1.14956
1.14956
1.14956
1.14956
1.14956
1.15425
1.14956
1.14956
1.14956
1.14956
1.15425
1.14956
1.14956
1.15425
1.14956
1.14956
1.14956
1.14956
1.14956
1.14956
1.14956
1.14956
1.14956
1.14956
1.14956
1.14956
1.14956
1.14956
1.14956
1.15425
1.15425
1.14956
1.14956
1.14956
1.14956
1.14956
1.14956
1.14956
1.15425
1.15425
1.14956
1.15425
1.15425
1.14956
1.14956
1.14956
1.15425
1.15425
1.15425
1.14956
1.14956
1.14956
1.14956
1.14956
1.14956
1.14956
1.14956
1.14487
1.14487
1.14956
1.14956
1.14956
1.14956
1.14487
1.14487
1.14956
1.15425
1.15425
1.15425
1.15425
1.15425
1.14956
1.14956
1.14956
1.15425
1.15425
1.15425
1.14956
1.15425
1.15425
1.15425
1.15425
1.16833
1.17302
1.09326
1.06510
1.09326
1.12610
1.09326
1.13079
1.08856
1.01349
1.07449
1.06041
1.10264
1.09326
1.08856
1.12610
1.08856
1.11202
1.07449
1.04633
1.08387
1.10733
1.06979
1.08856
1.08856
1.09795
1.07918
1.08387
1.09326
1.08856
1.08387
1.09795
1.09795
1.10264
1.09795
1.11202
1.11202
1.11672
1.12610
1.12610
1.12610
1.12141
1.12610
1.12141
1.12141
1.12141
1.12141
1.12610
1.12610
1.12610
1.12610
1.12610
1.12610
1.12610
1.12610
1.12610
1.12610
1.12610
1.12141
1.12610
1.12610
1.12610
1.12610
1.12610
1.12610
1.12610
1.12610
1.12610
1.12610
1.12610
1.12610
1.12610
1.12610
1.12610
1.12610
1.12610
1.12610
1.12610
1.12610
1.12610
1.12610
1.12610
1.12610
1.12610
1.12610
1.12610
1.12610
1.12610
1.12610
1.12610
1.12610
1.12610
1.12610
1.12610
1.12610
1.12610
1.12610
1.12610
1.12610
1.12610
1.12610
1.12610
1.12610
1.12610
1.12141
1.12141
1.12610
1.12610
1.12610
1.12610
1.12610
1.12610
1.12610
1.12610
1.12610
1.12610
1.12610
1.12610
1.12610
1.12610
1.12610
1.12610
1.12610
1.12610
1.12610
1.12610
1.12610
1.12610
1.12610
1.12610
1.12610
1.12610
1.12610
1.12610
1.12610
1.12610
1.12610
1.12610
1.12610
1.13079
1.12610
1.13079
1.13079
1.13079
1.12610
1.13079
1.13079
1.13079
1.13079
1.13079
1.13079
1.13079
1.12610
1.12610
1.13079
1.12610
1.13079
1.13079
1.13079
1.13079
1.12610
1.13079
1.12610
1.13079
1.13079
1.13079
1.12610
1.12610
1.13079
1.13079
1.12610
1.13079
1.13079
1.13079
1.13079
1.13079
1.13079
1.13079
1.13079
1.13079
1.13079
1.13079
1.13079
1.13079
1.13079
1.13079
1.13079
1.13079
1.13079
1.13079
1.13079
1.12610
1.12610
1.13079
1.13079
1.12610
1.13079
1.13079
1.13079
1.13079
1.13079
1.13079
1.13079
1.13079
1.12610
1.13079
1.13079
1.13079
1.13079
1.13079
1.12610
1.13079
1.12610
1.12610
1.13079
1.13079
1.13079
1.13079
1.13079
1.13079
1.13079
1.12610
1.13079
1.13079
1.13079
1.13079
1.12610
1.12610
1.1
Sitting still: 35 / 59, success rate: 0.5862068965517241
Experiment incomplete, Error: ClearCommError failed (PermissionError(13, 'The device does not recognize the command.', None, 22))
Sitting still: 35 / 59, success rate: 0.5862068965517241
Experiment end. 
