Experiment start. 
1.23
1.23
1.22
1.22
1.22
1.23
1.24
1.24
1.24
1.24
1.24
1.23
1.22
1.22
1.23
1.23
1.24
1.23
1.23
1.23
1.22
1.23
1.23
1.23
1.22
1.22
1.22
1.22
1.22
1.22
1.22
1.22
1.23
1.23
1.23
1.23
1.23
1.24
1.24
1.24
1.24
1.24
1.24
1.24
1.24
1.23
1.23
1.23
1.24
1.24
1.24
1.24
1.24
1.24
1.24
1.24
1.24
1.24
1.24
1.24
1.24
1.24
1.24
1.24
1.24
1.24
1.24
1.24
1.24
1.24
1.24
1.24
1.24
1.24
1.24
1.24
1.24
1.24
1.24
1.24
1.24
1.24
1.24
1.24
1.24
1.24
1.24
1.24
1.24
1.24
1.24
1.24
1.24
1.24
1.24
1.24
1.24
1.24
1.24
1.24
1.24
1.23
1.24
1.24
1.24
1.24
1.24
1.23
1.23
1.23
1.23
1.23
1.23
1.23
1.23
1.23
1.23
1.23
1.23
1.23
1.23
1.23
1.23
1.23
1.23
1.23
1.23
1.23
1.23
1.23
1.23
1.23
1.23
1.23
1.23
1.23
1.23
1.23
1.23
1.23
1.23
1.23
1.23
1.23
1.23
1.23
1.23
1.23
1.23
1.23
1.23
1.23
1.23
1.23
1.23
1.23
1.23
1.23
1.23
1.23
1.23
1.23
1.23
1.23
1.23
1.23
1.23
1.23
1.23
1.23
1.23
1.23
1.23
1.23
1.23
1.23
1.23
1.23
1.23
1.23
1.23
1.23
1.23
1.23
1.23
1.23
1.23
1.23
1.23
1.23
1.23
1.23
1.23
1.23
1.23
1.23
1.23
1.23
1.23
1.23
1.23
1.23
1.23
1.23
1.23
1.23
1.23
1.23
1.23
1.23
1.23
1.23
1.23
1.23
1.23
1.23
1.23
1.23
1.23
1.23
1.23
1.23
1.23
1.23
1.23
1.23
1.23
1.23
1.22
1.23
1.23
1.23
1.23
1.23
1.23
1.23
1.23
1.23
1.23
1.23
1.23
1.23
1.23
1.23
1.23
1.23
1.23
1.23
1.23
1.23
1.23
1.23
1.23
1.23
1.23
1.23
1.23
1.23
1.23
1.23
1.23
1.23
1.23
1.23
1.23
1.23
1.23
1.23
1.23
1.23
1.23
1.23
1.23
1.23
1.23
1.23
1.23
1.23
1.23
1.22
1.23
1.23
1.22
1.22
1.22
1.23
1.23
1.23
1.23
1.23
1.23
1.23
1.23
1.23
1.23
1.23
1.23
1.23
1.23
1.23
1.23
1.23
1.23
1.23
1.23
1.23
1.23
1.23
1.23
1.23
1.23
1.23
1.23
1.23
1.23
1.23
1.23
1.23
1.23
1.23
1.23
1.23
1.23
1.23
1.23
1.23
1.23
1.23
1.23
1.23
1.23
1.23
1.23
1.23
1.23
1.23
1.23
1.23
1.23
1.23
1.23
1.23
1.23
1.23
1.23
1.23
1.23
1.23
1.23
1.23
1.23
1.23
1.23
1.23
1.23
1.23
1.23
1.23
1.23
1.23
1.23
1.23
1.23
1.23
1.23
1.23
1.23
1.23
1.23
1.23
1.23
1.23
1.23
1.23
1.23
1.23
1.23
1.23
1.23
1.23
1.23
1.23
1.23
1.23
1.23
1.23
1.23
1.23
1.23
1.23
1.23
1.23
1.23
1.23
1.23
1.23
1.23
1.24
1.23
1.24
1.23
1.23
1.24
1.24
1.23
1.23
1.23
1.23
1.23
1.23
1.23
1.24
1.24
1.24
1.24
1.23
1.23
1.23
1.23
1.24
1.23
1.23
1.23
1.24
1.23
1.24
1.24
1.23
1.24
1.24
1.23
1.24
1.24
1.24
1.24
1.24
1.24
1.25
1.25
1.25
1.25
1.25
1.25
1.25
1.25
1.25
1.25
1.25
1.25
1.24
1.24
1.25
1.24
1.24
1.24
1.24
1.24
1.24
1.24
1.24
1.24
1.24
1.24
1.24
1.24
1.24
1.24
1.24
1.24
1.24
1.24
1.24
1.24
1.24
1.24
1.24
1.24
1.24
1.24
1.24
1.24
1.24
1.24
1.24
1.24
1.24
1.24
1.25
1.25
1.25
1.24
1.24
1.24
1.24
1.24
1.24
1.24
1.24
1.24
1.25
1.25
1.24
1.24
1.24
1.24
1.25
1.25
1.25
1.26
1.26
1.27
1.26
1.26
1.27
1.26
1.25
1.24
1.24
1.24
1.23
1.23
1.24
1.24
1.24
1.24
1.24
1.24
1.23
1.23
1.23
1.23
1.23
1.23
1.23
1.23
1.23
1.23
1.23
1.23
1.23
1.23
1.23
1.23
1.23
1.23
1.23
1.23
1.23
1.23
1.23
1.23
1.23
1.23
1.23
1.23
1.23
1.23
1.23
1.23
1.23
1.23
1.23
1.23
1.23
1.23
1.23
1.23
1.23
1.23
1.23
1.23
1.23
1.23
1.23
1.23
1.23
1.23
1.23
1.23
1.23
1.23
1.23
1.23
1.23
1.23
1.23
1.23
1.23
1.23
1.23
1.23
1.22
1.23
1.23
1.23
1.23
1.23
1.23
1.23
1.23
1.23
1.23
1.23
1.23
1.23
1.23
1.23
1.24
1.23
1.22
1.22
1.22
1.23
1.23
1.23
1.23
1.23
1.22
1.23
1.23
1.22
1.22
1.22
1.22
1.23
1.23
1.22
1.22
1.22
1.23
1.23
1.23
1.22
1.22
1.23
1.24
1.24
1.24
1.23
1.22
1.22
1.24
1.24
1.24
1.24
1.25
1.26
1.26
1.26
1.24
1.25
1.27
1.27
1.26
1.25
1.24
1.26
1.26
1.27
1.26
1.25
1.23
1.24
1.27
1.30
1.29
1.27
1.26
1.36
1.25
1.26
1.26
1.23
1.27
1.26
1.22
1.22
1.22
1.19
1.22
1.18
1.15
1.15
1.17
1.16
1.14
1.13
1.14
1.17
1.16
1.16
1.16
1.16
1.14
1.14
1.13
1.14
1.13
1.13
1.13
1.13
1.13
1.13
1.13
1.12
1.13
1.13
1.12
1.13
1.13
1.12
1.12
1.12
1.12
1.12
1.12
1.12
1.12
1.12
1.12
1.12
1.12
1.12
1.12
1.12
1.12
1.12
1.12
1.12
1.12
1.12
1.12
1.12
1.12
1.11
1.11
1.11
1.11
1.11
1.11
1.11
1.11
1.11
1.11
1.11
1.11
1.11
1.11
1.11
1.11
1.11
1.11
1.11
1.11
1.11
1.11
1.11
1.11
1.11
1.11
1.11
1.11
1.11
1.11
1.11
1.11
1.11
1.11
1.11
1.11
1.11
1.11
1.11
1.11
1.11
1.11
1.11
1.11
1.11
1.11
1.11
1.11
1.11
1.11
1.11
1.11
1.11
1.11
1.11
1.11
1.11
1.11
1.11
1.11
1.11
1.11
1.11
1.11
1.11
1.11
1.11
1.11
1.11
1.11
1.11
1.11
1.11
1.11
1.11
1.11
1.11
1.11
1.11
1.11
1.11
1.11
1.11
1.11
1.11
1.11
1.11
1.11
1.11
1.11
1.11
Sitting still: 24 / 34, success rate: 0.696969696969697
Experiment incomplete, User interruped
Sitting still: 24 / 34, success rate: 0.696969696969697
Experiment end. 
