Experiment start. 
0.59871
0.59965
0.59777
0.59855
0.59996
0.59949
0.59965
0.59887
0.59887
0.59934
0.59840
0.59934
0.59824
0.59902
0.59824
0.59980
0.59761
0.59887
0.60043
0.59902
0.59918
0.59730
0.59949
0.59980
0.59996
0.59824
0.59840
0.59793
0.59777
0.59887
0.59949
0.59949
0.59918
0.59855
0.59887
0.59980
0.60043
0.59949
0.59980
0.59793
0.59918
0.59793
0.59746
0.59699
0.59824
0.59808
0.59949
0.59934
0.59808
0.59808
0.59887
0.59887
0.59824
0.59730
0.59808
0.59746
0.59777
0.59887
0.59918
0.59902
0.59777
0.59730
0.59730
0.59668
0.59902
0.59871
0.59699
0.59761
0.59793
0.59824
0.59761
0.59668
0.59793
0.59824
0.59715
0.59636
0.59558
0.59589
0.59605
0.59605
0.59558
0.59574
0.59496
0.59417
0.59386
0.59261
0.59480
0.59308
0.59355
0.59464
0.59464
0.59433
0.59230
0.59449
0.59324
0.59261
0.59370
0.59574
0.59511
0.59464
0.59543
0.59496
0.59464
0.59464
0.59386
0.59386
0.59417
0.59355
0.59449
0.59402
0.59621
0.59543
0.59621
0.59761
0.59793
0.59793
0.59715
0.59449
0.59746
0.59683
0.59808
0.59761
0.59777
0.59605
0.59777
0.59887
0.59699
0.59777
0.59824
0.59918
0.60012
0.60012
0.59777
0.59980
0.59949
0.59965
0.59746
0.59824
0.59965
0.59980
0.59980
0.60027
0.60043
0.60043
0.59902
0.59855
0.59918
0.60043
0.59918
0.59855
0.59902
0.59996
0.59840
0.59824
0.59730
0.59715
0.59777
0.59793
0.59699
0.59871
0.59840
0.59761
0.59808
0.59699
0.59761
0.59589
0.59621
0.59605
0.59715
0.59871
0.59808
0.59918
0.59934
0.59965
0.59902
0.59934
0.59824
0.59918
0.59934
0.59934
0.59715
0.59761
0.59887
0.59746
0.59902
0.59793
0.59808
0.59934
0.59761
0.59965
0.59855
0.59808
0.59621
0.59808
0.59808
0.59871
0.59824
0.59777
0.59777
0.59777
0.60027
0.59855
0.59855
0.59855
0.59949
0.59730
0.59949
0.59949
0.59918
0.59793
0.59746
0.59840
0.59668
0.59934
0.59965
0.59871
0.59855
0.59808
0.59793
0.59668
0.59887
0.59965
0.59777
0.59793
0.59887
0.59793
0.59777
0.60027
0.59902
0.59902
0.59855
0.59840
0.59871
0.59918
0.60012
0.60012
0.59980
0.59871
0.59824
0.59934
0.60027
0.59949
0.59902
0.60074
0.60106
0.60027
0.60043
0.60168
0.60043
0.60059
0.60356
0.60043
0.60152
0.60121
0.60027
0.59934
0.59840
0.59996
0.60012
0.59918
0.59965
0.60184
0.59965
0.59887
0.60184
0.60199
0.60106
0.60059
0.60199
0.60090
0.60012
0.60137
0.60121
0.60152
0.60199
0.60043
0.60231
0.60137
0.60121
0.60152
0.60199
0.60340
0.60231
0.60231
0.60215
0.60231
0.60246
0.60309
0.60246
0.60293
0.60184
0.60309
0.60152
0.60199
0.60152
0.60278
0.60184
0.60137
0.60262
0.60106
0.60152
0.60168
0.60278
0.60012
0.60309
0.60340
0.60325
0.60293
0.60278
0.60387
0.60356
0.60137
0.60387
0.60465
0.60199
0.60356
0.60356
0.60387
0.60371
0.60356
0.60309
0.60387
0.60387
0.60309
0.60512
0.60371
0.60309
0.60450
0.60371
0.60340
0.60575
0.60325
0.60450
0.60371
0.60371
0.60497
0.60152
0.60121
0.60293
0.60340
0.60293
0.60325
0.60293
0.60325
0.60403
0.60325
0.60340
0.60231
0.60450
0.60371
0.60246
0.60246
0.60356
0.60403
0.60497
0.60387
0.60559
0.60497
0.60559
0.60465
0.60465
0.60528
0.60481
0.60497
0.60512
0.60465
0.60325
0.60450
0.60356
0.60481
0.60418
0.60309
0.60325
0.60387
0.60246
0.60137
0.60403
0.60278
0.60215
0.60309
0.60356
0.60278
0.60356
0.60231
0.60356
0.60246
0.60387
0.60012
0.60465
0.60403
0.60231
0.60340
0.60481
0.60481
0.60481
0.60450
0.60559
0.60590
0.60590
0.60606
0.60434
0.60512
0.60575
0.60387
0.60606
0.60481
0.60559
0.60450
0.60512
0.60528
0.60434
0.60481
0.60434
0.60340
0.60168
0.60278
0.60309
0.60309
0.60434
0.60497
0.60418
0.60637
0.60450
0.60528
0.60559
0.60606
0.60434
0.60653
0.60465
0.60606
0.60653
0.60528
0.60434
0.60418
0.60309
0.60762
0.60575
0.60465
0.60512
0.60575
0.60418
0.60403
0.60559
0.60590
0.60606
0.60637
0.60512
0.60481
0.60497
0.60497
0.60450
0.60371
0.60418
0.60622
0.60606
0.60418
0.60606
0.60418
0.60622
0.60481
0.60528
0.60497
0.60497
0.60590
0.60637
0.60528
0.60465
0.60590
0.60481
0.60528
0.60418
0.60528
0.60622
0.60481
0.60512
0.60590
0.60637
0.60481
0.60528
0.60309
0.60481
0.60606
0.60653
0.60528
0.60590
0.60637
0.60637
0.60481
0.60622
0.60512
0.60637
0.60637
0.60497
0.60590
0.60653
0.60544
0.60544
0.60512
0.60559
0.60528
0.60716
0.60590
0.60528
0.60418
0.60450
0.60622
0.60637
0.60559
0.60512
0.60590
0.60622
0.60684
0.60512
0.60700
0.60590
0.60700
0.60637
0.60575
0.60559
0.60716
0.60512
0.60684
0.60512
0.60622
0.60669
0.60575
0.60716
0.60606
0.60637
0.60731
0.60590
0.60418
0.60653
0.60481
0.60669
0.60669
0.60653
0.60747
0.60716
0.60575
0.60700
0.60747
0.60700
0.60637
0.60590
0.60606
0.60684
0.60450
0.60575
0.60747
0.60684
0.60669
0.60778
0.60669
0.60590
0.60544
0.60700
0.60684
0.60590
0.60669
0.60622
0.60700
0.60653
0.60575
0.60637
0.60653
0.60653
0.60716
0.60606
0.60731
0.60512
0.60622
0.60481
0.60606
0.60606
0.60559
0.60575
0.60653
0.60590
0.60434
0.60418
0.60528
0.60481
0.60278
0.60606
0.60559
0.60575
0.60465
0.60590
0.60497
0.60497
0.60544
0.60622
0.60637
0.60418
0.60590
0.60465
0.60481
0.60434
0.60450
0.60418
0.60481
0.60528
0.60637
0.60465
0.60497
0.60497
0.60434
0.60528
0.60434
0.60544
0.60403
0.60544
0.60528
0.60497
0.60387
0.60403
0.60481
0.60559
0.60512
0.60481
0.60403
0.60481
0.60497
0.60450
0.60450
0.60465
0.60528
0.60403
0.60387
0.60403
0.60528
0.60387
0.60403
0.60528
0.60465
0.60528
0.60465
0.60418
0.60356
0.60418
0.60325
0.60544
0.60434
0.60512
0.60559
0.60199
0.60387
0.60481
0.60403
0.60278
0.60606
0.60559
0.60356
0.60544
0.60418
0.60465
0.60497
0.60481
0.60559
0.60575
0.60528
0.60497
0.60637
0.60371
0.60622
0.60559
0.60497
0.60371
0.60497
0.60559
0.60356
0.60622
0.60481
0.60512
0.60403
0.60465
0.60481
0.60528
0.60418
0.60403
0.60481
0.60340
0.60434
0.60528
0.60434
0.60559
0.60465
0.60544
0.60590
0.60559
0.60403
0.60371
0.60497
0.60418
0.60559
0.60575
0.60481
0.60465
0.60278
0.60481
0.60387
0.60340
0.60481
0.60434
0.60465
0.60512
0.60606
0.60450
0.60528
0.60403
0.60497
0.60434
0.60434
0.60231
0.60481
0.60450
0.60450
0.60434
0.60403
0.60450
0.60481
0.60371
0.60450
0.60403
0.60465
0.60481
0.60403
0.60450
0.60371
0.60684
0.60450
0.60434
0.60481
0.60403
0.60371
0.60481
0.60465
0.60450
0.60497
0.60481
0.60371
0.60669
0.60371
0.60403
0.60403
0.60450
0.60590
0.60512
0.60403
0.60481
0.60371
0.60497
0.60418
0.60184
0.60512
0.60481
0.60434
0.60184
0.60418
0.60544
0.60481
0.60512
0.60559
0.60544
0.60497
0.60575
0.60653
0.60434
0.60356
0.60544
0.60606
0.60512
0.60637
0.60497
0.60575
0.60590
0.60481
0.60481
0.60559
0.60559
0.60434
0.60418
0.60371
0.60465
0.60481
0.60512
0.60418
0.60497
0.60418
0.60512
0.60544
0.60450
0.60575
0.60575
0.60481
0.60450
0.60528
0.60497
0.60371
0.60590
0.60512
0.60512
0.60465
0.60481
0.60356
0.60544
0.60450
0.60637
0.60512
0.60325
0.60512
0.60512
0.60528
0.60606
0.60575
0.60512
0.60544
0.60434
0.60497
0.60653
0.60559
0.60403
0.60497
0.60669
0.60544
0.60669
0.60544
0.60371
0.60481
0.60528
0.60622
0.60528
0.60653
0.60371
0.60575
0.60481
0.60528
0.60481
0.60371
0.60528
0.60325
0.60403
0.60544
0.60512
0.60450
0.60465
0.60528
0.60371
0.60450
0.60465
0.60371
0.60465
0.60637
0.60544
0.60622
0.60246
0.60325
0.60246
0.60481
0.60340
0.60387
0.60215
0.60262
0.60231
0.60278
0.60309
0.60418
0.60512
0.60465
0.60434
0.60371
0.60403
0.60293
0.60590
0.60403
0.60544
0.60512
0.60575
0.60465
0.60512
0.60340
0.60387
0.60512
0.60465
0.60465
0.60450
0.60465
0.60434
0.60669
0.60465
0.60637
0.60544
0.60465
0.60669
0.60700
0.60481
0.60590
0.60653
0.60622
0.60622
0.60559
0.60528
0.60559
0.60418
0.60465
0.60575
0.60590
0.60684
0.60590
0.60622
0.60575
0.60465
0.60731
0.60590
0.60716
0.60622
0.60559
0.60528
0.60637
0.60716
0.60637
0.60559
0.60700
0.60575
0.60606
0.60778
0.60465
0.60544
0.60481
0.60559
0.60809
0.60465
0.60590
0.60653
0.60637
0.60669
0.60606
0.60622
0.60637
0.60544
0.60684
0.60637
0.60669
0.60544
0.60637
0.60669
0.60762
0.60544
0.60653
0.60418
0.60684
0.60669
0.60512
0.60637
0.60497
0.60669
0.60606
0.60559
0.60544
0.60669
0.60669
0.60622
0.60575
0.60512
0.60700
0.60434
0.60590
0.60669
0.60590
0.60637
0.60637
0.60669
0.60325
0.60684
0.60606
0.60684
0.60497
0.60653
0.60637
0.60653
0.60528
0.60700
0.60747
0.60622
0.60637
0.60700
0.60606
0.60637
0.60637
0.60512
0.60669
0.60653
0.60575
0.60653
0.60700
0.60747
0.60716
0.60528
0.60684
0.60684
0.60559
0.60528
0.60700
0.60747
0.60637
0.60653
0.60653
0.60731
0.60637
0.60559
0.60512
0.60559
0.60606
0.60512
0.60637
0.60669
0.60622
0.60731
0.60762
0.60669
0.60637
0.60684
0.60731
0.60590
0.60684
0.60622
0.60637
0.60716
0.60762
0.60528
0.60622
0.60684
0.60590
0.60669
0.60653
0.60575
0.60669
0.60637
0.60465
0.60700
0.60669
0.60669
0.60825
0.60684
0.60590
0.60653
0.60590
0.60669
0.60528
0.60762
0.60590
0.60794
0.60747
0.60716
0.60653
0.60669
0.60809
0.60794
0.60841
0.60637
0.60809
0.60559
0.60590
0.60841
0.60684
0.60653
0.60762
0.60841
0.60716
0.60606
0.60716
0.60841
0.60544
0.60606
0.60684
0.60637
0.60747
0.60622
0.60653
0.60590
0.60637
0.60575
0.60528
0.60700
0.60606
0.60403
0.60606
0.60778
0.60606
0.60669
0.60465
0.60731
0.60653
0.60716
0.60590
0.60731
0.60669
0.60653
0.60497
0.60716
0.60778
0.60622
0.60497
0.60387
0.60528
0.60669
0.60544
0.60497
0.60575
0.60637
0.60544
0.60512
0.60559
0.60544
0.60450
0.60450
0.60434
0.60512
0.60403
0.60544
0.60512
0.60497
0.60465
0.60465
0.60434
0.60528
0.60340
0.60637
0.60403
0.60528
0.60497
0.60762
0.60184
0.60450
0.60340
0.60403
0.60371
0.60262
0.60356
0.60434
0.60544
0.60371
0.60293
0.60403
0.60465
0.60340
0.60387
0.60278
0.60387
0.60371
0.60340
0.60325
0.60403
0.60497
0.60544
0.60450
0.60278
0.60231
0.60340
0.60371
0.60340
0.60356
0.60231
0.60371
0.60356
0.60293
0.60371
0.60387
0.60465
0.60340
0.60465
0.60340
0.60403
0.60340
0.60325
0.60262
0.60215
0.60152
0.60184
0.60293
0.60262
0.60465
0.60325
0.60074
0.60309
0.60215
0.60199
0.60340
0.60309
0.60278
0.60356
0.60152
0.60309
0.60168
0.60278
0.60262
0.60231
0.60278
0.60340
0.60231
0.60371
0.60231
0.60309
0.60231
0.60325
0.60293
0.60434
0.60215
0.60356
0.60465
0.60262
0.60450
0.60199
0.60325
0.60293
0.60325
0.60387
0.60309
0.60309
0.60231
0.60387
0.60184
0.60325
0.60168
0.60262
0.60481
0.60293
0.60340
0.60371
0.60512
0.60231
0.60403
0.60528
0.60387
0.60403
0.60403
0.60340
0.60465
0.60278
0.60231
0.60371
0.60309
0.60278
0.60371
0.60293
0.60309
0.60246
0.60340
0.60215
0.60340
0.60293
Sitting still: 51 / 51, success rate: 1.0
Experiment incomplete, User interruped
Sitting still: 51 / 51, success rate: 1.0
Experiment end. 
